FANN_FIX_2.0
decimal_point=13
num_layers=3
learning_rate=0.700000
connection_rate=1.000000
network_type=0
learning_momentum=0.000000
training_algorithm=1
train_error_function=1
train_stop_function=1
cascade_output_change_fraction=0.010000
quickprop_decay=-0.000100
quickprop_mu=1.750000
rprop_increase_factor=1.200000
rprop_decrease_factor=0.500000
rprop_delta_min=0.000000
rprop_delta_max=50.000000
rprop_delta_zero=0.100000
cascade_output_stagnation_epochs=12
cascade_candidate_change_fraction=0.010000
cascade_candidate_stagnation_epochs=12
cascade_max_out_epochs=150
cascade_min_out_epochs=50
cascade_max_cand_epochs=150
cascade_min_cand_epochs=50
cascade_num_candidate_groups=2
bit_fail_limit=82
cascade_candidate_limit=8192000
cascade_weight_multiplier=3277
cascade_activation_functions_count=10
cascade_activation_functions=3 5 7 8 10 11 14 15 16 17 
cascade_activation_steepnesses_count=4
cascade_activation_steepnesses=2048 4096 6144 8192 
layer_sizes=5 5 2 
neurons (num_inputs, activation_function, activation_steepness)=(0, 0, 0) (0, 0, 0) (0, 0, 0) (0, 0, 0) (0, 0, 0) (5, 5, 8192) (5, 5, 8192) (5, 5, 8192) (5, 5, 8192) (0, 5, 8192) (5, 5, 8192) (0, 5, 8192) 
connections (connected_to_neuron, weight)=(0, 4490) (1, 7190) (2, 9734) (3, 9019) (4, 9883) (0, 9178) (1, 8143) (2, 4403) (3, 3832) (4, -11718) (0, 2796) (1, 4641) (2, 5837) (3, 7368) (4, -9678) (0, 2301) (1, 4137) (2, 3455) (3, 3806) (4, -8205) (5, 11325) (6, 4162) (7, 10720) (8, 3018) (9, -3136) 
